LOCAL
58
1	R0047607.JPG
2	R0047608.JPG
3	R0047609.JPG
4	R0047610.JPG
5	R0047611.JPG
6	R0047612.JPG
7	R0047613.JPG
8	R0047614.JPG
9	R0047615.JPG
10	R0047616.JPG
11	R0047617.JPG
12	R0047618.JPG
13	R0047619.JPG
14	R0047620.JPG
15	R0047621.JPG
16	R0047622.JPG
17	R0047623.JPG
18	R0047624.JPG
19	R0047625.JPG
20	R0047626.JPG
21	R0047627.JPG
22	R0047628.JPG
23	R0047629.JPG
24	R0047630.JPG
25	R0047631.JPG
26	R0047632.JPG
27	R0047633.JPG
28	R0047634.JPG
29	R0047635.JPG
30	R0047636.JPG
31	R0047637.JPG
32	R0047638.JPG
33	R0047639.JPG
34	R0047640.JPG
35	R0047641.JPG
36	R0047642.JPG
37	R0047643.JPG
38	R0047644.JPG
39	R0047645.JPG
40	R0047646.JPG
41	R0047647.JPG
42	R0047648.JPG
43	R0047649.JPG
44	R0047650.JPG
45	R0047651.JPG
46	R0047652.JPG
47	R0047653.JPG
48	R0047654.JPG
49	R0047655.JPG
50	R0047656.JPG
51	R0047657.JPG
52	R0047658.JPG
53	R0047659.JPG
54	R0047660.JPG
55	R0047661.JPG
56	R0047662.JPG
57	R0047663.JPG
58	R0047664.JPG
15	15	561	369	26	4830	2132	27	3391	2018    28      2117    2343    29      1439    2381    31      3588    658     32      2508    925     33      1270    1002    34      120     1817    45      3576    1362    46      2697    1404    47      1497    1615    49      3662    2771    50      2465    2736    51      1305    3001	292315.610648	 4147477.91872	 37.7778393319
20	6	4751	2133	7	3519	2427	8	2325	2230	9	1035	2395    11      4709    237     12      3340    709     13      2489    1171    14      1409    1212    15      299     1671    26      4849    652     27      3479    595     28      2277    949     29      1497    1011    30      4448    1524    31      3283    2036    32      2084    2244    33      901     2319    45      3651    66      46      2836    113     47      1544    357	292273.541285 	4147502.66842 	37.5309071513
3	47	4366	2992	48	2174	1124	49	887	1011	292404.933938 	4147540.10843 	40.1392735271
5	29	3885	2942	47	3883	1949	48	2541	2184	49	1188	2080    50      136     1765	292368.768202 	4147544.85401 	39.9001140948
6	9	4073	523	10	2764	979	11	1957	2275    12      449     2401    30      1708    2946    31      468     3201		292265.690025 	4147615.38364 	44.5174065921
6	9	4188	683	10	2880	1130	11	1838	2149	12	338	2257	30	1615	2826    31      388     3063		292271.614808 	4147616.13966 	44.6519891033
8	34	2368	146	43	3914	1957	44	2786	2398	46	740	3204	51	3647	978	52	2491	598     53      1566    861     54      344     403		292346.840255 	4147379.12257 	34.1290178727
12	6	4292	1450	7	3075	1727	8	1899	1524    9       630     1685    12      3690    1404    13      2758    1911    14      1652    1946    15      574     2367    28      1941    274     29      1143    378     30      4722    2165    31      3544    2715	292246.701438 	4147501.5152 	37.3290871587
16	26	1989	3080	27	721	2816	33	4191	786	34	2917	1261	35	1926	560	36	1000	576	37	120	439     42      4347    977     43      3231    848     44      2148    1285    45      932     2129    46      273     2088    51      4324    2263    52      3037    1935    53      2038    2182    54      931     1647	292298.233938 	4147376.30522 	34.7100108732
20	15	3693	24	24	3971	3160	25	2688	3165	26	1547	2834	27	304	2567	33	4569	1148	34	3339	1558    35      2388    778     36      1422.5  797.63  37      475     721.38  41      4816    1725    42      3843    799     43      2781    615     44      1744    1041    45      570     1873    51      4790    2574    52      3462    2267    53      2467    2542    54      1367    1949    55      305     1658	292282.672249 	4147366.1601 	34.2157566827
20	14	4336	174	15	3037	379	16	1798	287	24	4607	2638	25	3288	2649	26	2145	2402	27	887	2170    33      3823    1418    34      2655    1914    35      1789    1255    36      857     1234    42      4466    240     43      3421    139     44      2340    629     45      1160    1504    46      499     1503    51      4065    2983    52      2720    2612    53      1707    2868    54      705     2314    292279.627655 	4147393.80194 	33.7493589837
17	4	4264	1875	5	3216	2405	6	1916	2105	7	733	2307	14	4030	1909	15	2923	2083    16      1819    1969    17      709     1368    24      4341    842     25      3043    901     26      2053    675     27      836     474     32      4581    3103    33      3397    3094    35      1909    2930    36      914     2842    46      647     58		292224.581054 	4147422.44595 	33.7582110055
14	4	4355	1406	5	3330	1927	6	2012	1632	7	847	1837	13	4897	2259	14	3818	2339    15      2757    2538    16      1701    2428    17      638     1814    24      4404    377     25      3104    447     26      2155    219     27      946     20      36      822     3244	292212.501549 	4147433.76217 	33.7916074442
22	6	3628	2361	7	2420	2624	8	1283	2392	9	34	2540	12	4336	584	13	3536	1195    14      2465    1247    15      1337    1596    16      267     1671    25      4747    1012    26      3715    920     27      2426    796     28      1284    1079    29      626     1209    31      4294    2004    32      3107    2337    33      1929    2383    34      873     3140    35      436     2648    45      2678    269     46      1922    318     47      737     629	292262.128281 	4147467.82438 	33.8481324101
20	5	4133	2864	6	2808	2514	7	1596	2751	8	493	2495	13	4344	1235    14      3274    1299    15      2119    1562    16      1009    1552    25      3948    1223    26      2905    1066    27      1643    903     28      528     1132    32      3895    2455    33      2707    2479    34      1670    3142    35      1118    2536    36      195     2431    45      1960    358     46      1255    409     47      116     771		292252.360644 	4147441.38544 	33.8290716251
19	6	2847	3059	8	520	3033	13	4432	703	14	3369	770	15	2166	1041	16	1010	1039	25	4033	1762    26      2936    1607    27      1654    1433    28      497     1648    32      4044    1944    33      2830    1967    34      1738    2590    35      1074    2038    36      174     1954    45      1936    824     46      1215    862     47      108     1217    52      1748    3260	292269.243904 	4147432.76498 	33.8446898544
18	25	4579	2535	26	3384	2400	27	2058	2219	28	832	2454	29	314	2538	32	3871	1054	33	2626	1093    34      1454    1746    35      659     1309    43      4759    82      44      3550    648     45      2270    1566    46      1490    1581    47      415     1893    50      3882    2746    51      2754    2844    52      1449    2384    53      472     2581	292301.149463 	4147432.22296 	34.0054839449
17	26	3757	3091	27	2385	2886	28	1105	3159	29	598	3196	32	3736	277	33	2466	337	34	1240	1055    35      313     680     44      3869    1350    45      2559    2249    46      1727    2244    47      678     2519    49      4763    1874    50      3692    1966    51      2458    2079    52      1207    1614    53      296     1811	292328.51517 	4147431.37908 	34.5419829767
15	3	4049	1142	4	2894	1544	5	1853	1972	6	578	1728	15	4258	2667    16      3158    2392    17      2018    1715    18     	898     1862    19      71      2080    23      3964    767     24      2952    589     25      1720    666     26      805     342     37      643     3221    38      201     2452    292188.979526 	4147388.71608 	33.7229422098
19	2	3753	1809	3	2447	1530	4	1349	1891	5	346	2210	16	4777	2135	17	3593	1400	18	2453	1714    19      1524    1916    20      346     1601    21      4658    1274    22      3560    1080    23      2452    1135    24      1481    1000    25      316     1082    35      4819    3083    36      3642    3119    38      1460    2554    40      3213    61      41      2177    133	292169.385295 	4147335.49345 	33.7001624862
8	21	2221	3055	22	1320	3057	38	3924	1053	39	2498	1721	40	1452	2223	55	4718	2572	56	4070	2679    57      2645    2442	292195.234009 	4147227.78137 	31.35142696
2	56	4415	1004	57	3271	930	292245.956099 	4147195.80702 	31.2123237858
6	42	1258	2470	43	296	1941	54	4754	756	55	3586	609	56	2831	720	57	1849	370	292275.907511 	4147243.1457 	32.9696777575
15	22	2880	3130	23	1936	3223	24	1026	3020	36	4363	1045	37	3123	1442	38	2355	803	39	4072	1550    40      2919    1985    41      1909    2021    42      1111    952     43      221     454     54      4366    2589    55      3153    2375    56      2450    2459    57      1196    1950		292222.557818 	4147278.68285 	33.5145800859